Excitation Data in TIFR Format
<         0>       16        15        16        13        14        16        18         9 
<         8>       15        14        12        12        14         9        16        14 
<        16>       10        12        15        17        20        13        11        13 
<        24>       16        10        18        11        18        13        14        13 
<        32>       15        12         8        14        14        11        15        17 
<        40>       10         8        16        10        13        11        12        18 
<        48>       10        16        15        13        11        14        10        10 
<        56>       14         8        18        15         6        15         5        19 
<        64>        9        12        16        14        19        17        19        10 
<        72>       16        15         9        16        23         9        10        13 
<        80>       10         9        17        19         9        10        17        25 
<        88>       19         7        12         8        12        15        19        15 
<        96>        9        12         9        15        11         9        12        15 
<       104>       14        19        15        31        40        48        93       186 
<       112>      299       478       786      1273      1789      2696      3554      4731 
<       120>     6029      7690      8985     10812     12251     13664     14823     16053 
<       128>    17370     17918     18938     19116     19700     19950     20000     19849 
<       136>    19495     19157     18998     18399     17996     17343     16480     15788 
<       144>    15158     14603     13959     13240     12422     11898     11347     10926 
<       152>    10172      9790      9240      8699      8326      7841      7456      7094 
<       160>     6717      6268      6089      5736      5417      5013      4779      4567 
<       168>     4316      4036      3735      3617      3341      3095      2987      2702 
<       176>     2638      2508      2265      2129      2041      1966      1829      1786 
<       184>     1529      1530      1404      1403      1411      1183      1138      1000 
<       192>     1023       960       942       876       864       803       774       727 
<       200>      644       691       638       550       559       500       528       470 
<       208>      492       429       421       409       376       355       386       343 
<       216>      336       325       326       301       279       294       272       261 
<       224>      257       273       253       237       239       219       216       224 
<       232>      236       200       213       179       201       182       166       185 
<       240>      153       167       174       172       151       149       152       157 
<       248>      151       130       153       158       146       124       154       131 
<       256>      122       123       146       136       110       103       123       124 
<       264>      111       112       118       109       111       128       106        87 
<       272>      107       101        99        95       102       108       112        88 
<       280>       82        75        90        86       102        88        85        87 
<       288>       94        85        86        81        82        78        89       100 
<       296>       66        89        86        74        77        79        84        91 
<       304>       91        88        75        73        84        72        85        64 
<       312>       85        66        83        67        54        84        88        70 
<       320>      103        59        72        70        66        69        62        72 
<       328>       72        60        72        61        75        69        65        74 
<       336>       54        68        56        44        69        62        70        65 
<       344>       71        46        60        55        50        61        48        51 
<       352>       39        53        50        60        58        48        49        49 
<       360>       66        54        41        49        53        51        55        44 
<       368>       31        50        40        36        52        39        53        45 
<       376>       52        51        44        37        44        46        43        36 
<       384>       37        44        42        51        55        31        39        47 
<       392>       44        45        44        46        56        39        42        45 
<       400>       43        31        35        37        41        33        50        39 
<       408>       56        45        33        29        39        41        34        42 
<       416>       31        46        26        40        34        42        38        31 
<       424>       33        39        43        36        39        34        30        25 
<       432>       30        43        51        34        28        42        27        29 
<       440>       42        35        28        51        33        21        48        31 
<       448>       44        43        30        31        35        21        35        30 
<       456>       29        41        30        37        30        33        42        32 
<       464>       27        37        35        33        30        35        33        25 
<       472>       32        21        27        46        23        31        24        42 
<       480>       26        25        35        21        23        34        23        42 
<       488>       28        36        30        40        31        29        22        16 
<       496>       40        22        38        32        28        27        23        32 
<       504>       25        28        24        34        26        31        31        28 
<       512>       22        22        22        15        37        33        24        20 
<       520>       32        28        33        30        31        23        25        22 
<       528>       13        31        28        33        24        29        26        27 
<       536>       26        29        29        19        24        29        17        28 
<       544>       24        30        25        30        21        27        24        24 
<       552>       15        23        26        32        23        22        22        18 
<       560>       20        30        20        26        29        17        14        36 
<       568>       24        24        29        20        19        14        30        31 
<       576>       17        17        20        23        19        25        27        20 
<       584>       28        25        23        25        27        10        18        32 
<       592>       21        19        22        22        28        27        27        22 
<       600>       20        15        23        20        15        16        19        22 
<       608>       25        26        29        17        16        19        23        23 
<       616>       25        19        21        23        22        27        20        21 
<       624>       18        27        19        12        25        17        21        22 
<       632>       18        12        28        22        19        21        25        25 
<       640>       29        14        22        32        16        23        13        19 
<       648>       14        23        25        14        24        23        22        15 
<       656>       20        13        23        12        22        22        11        20 
<       664>       27        25        24        17        14        24        23        19 
<       672>       21        27        20        25        24        21        20        18 
<       680>       20        24        20        11        18        22        16        14 
<       688>       20        16        18        22        18        18        19        22 
<       696>       18        13        21        20        22        25        24        25 
<       704>       18        28        15        14        25        17        23        10 
<       712>       16        16        18        21        24        13        23        23 
<       720>       26        17        20        18        17        23        16        14 
<       728>       21        22        19        15        23        21        17        16 
<       736>       14        21        16        20        26        13        14        12 
<       744>       20        17        26        19        15        17        19        20 
<       752>       18        22        21        21        19        11        20        13 
<       760>       21        16        24        16        25        19         7        20 
<       768>       29        22        15        20        13        25        14        14 
<       776>       23        18        12        23        17        26        16        24 
<       784>       12        21        11        21        22        18        18        17 
<       792>       21        22        22        29        20        23        16        15 
<       800>       19        17        21        27        12        11        14        16 
<       808>       21        19        18        20        16        16        12        19 
<       816>       17        18        18        18        24        20        18        10 
<       824>       18        17        16        14        19        18        22        25 
<       832>       14        11        17        12        13        14        18        23 
<       840>       16        23        12        16        14        19        11        20 
<       848>       21        18        15        16        15         8        19        14 
<       856>       13        18        16        15        25         9        17        15 
<       864>       19        18        16        13        12        12        24        16 
<       872>       23        16        16        18        18        14        19        12 
<       880>       17        20        18        18        17        18        10        22 
<       888>       18        17        18        18        14        25        17        27 
<       896>       18        17        17        14        18        20        22        17 
<       904>       16        12        24        16        22        23        26         8 
<       912>       10        14        19        18        22        12        16        11 
<       920>       18        20        15        25        14        18        16        16 
<       928>       18        13        21        22        20        19        11        21 
<       936>       15        15        18        23        13        21        14        16 
<       944>       20        18        21        17         9        15        14        11 
<       952>       13        15         9        16         9        17        18        11 
<       960>       20        19         9        15        12        20        13        14 
<       968>       19        18        16        16        18        10        16        15 
<       976>       21        22        20        16        13        17        10        23 
<       984>       11        11        13        17        18        23        11        21 
<       992>       20        24        16        18        10         9        20        16 
<      1000>       16        13        12        19        15        15        20        17 
<      1008>       21        10        17        21        19        14        19        15 
<      1016>       12        20        20        12        18        10        14        17 
<      1024>       18        13        18        22        15        19        19        12 
<      1032>       19        19        15        11        21        25        17        27 
<      1040>       13        19        12        12        16        19        17        14 
<      1048>       12        11        15        15        16        17        14        16 
<      1056>       14        15        20        20        17        13        12        16 
<      1064>       16        24        23        16        19        12        15        15 
<      1072>       25        15        24        20        18        14        15        16 
<      1080>       14        17        14        22        13        10         9        15 
<      1088>       15        20        15        14        16        17        10        16 
<      1096>       14        11        15        11        21         7        12        20 
<      1104>       13        13        19        17        20        17         8        10 
<      1112>       11        12        18        22        19        16        12        25 
<      1120>       14        16        21        20        20        13        11        18 
<      1128>       20        16        21         8        17        15        13        19 
<      1136>       15        13        16        15        18        13        16        19 
<      1144>       14        19        24        17        21        16        20        18 
<      1152>       17        12        15        16        22        25        13        20 
<      1160>       20        10        15        20        26        11        21        16 
<      1168>       11        16        13        13        18        18        22        15 
<      1176>       17        15        12        10        14        18        19        20 
<      1184>       16        15        17        16        16        16         7        12 
<      1192>       18        13        18        17        14        17        17        13 
<      1200>       17        14        15         7        19        12        21        15 
<      1208>       12        18        24        17        13        15        20        17 
<      1216>       22        11        18        18        13         9        11        16 
<      1224>       21        20        25        20        11        16        14        19 
<      1232>       12        15        13        10        11        15        19        20 
<      1240>       14        22        16        19        11         7        18        14 
<      1248>       14        13        12        19        15        19         8        17 
<      1256>       15        17        15        11        17        14        21        14 
<      1264>       15        16        12        11        13        17        18        14 
<      1272>       13        10        16        12        11        13        15        18 
<      1280>       16        10        12        13         8        13        15        15 
<      1288>       14        12        12        15        12        15        11         9 
<      1296>       15        11        14        14        15        17        19         8 
<      1304>       16        16        17        14        15         8        13        12 
<      1312>       14        11        14        13        18        16        14        16 
<      1320>       10        14        24         9        11        16        16         9 
<      1328>       16        19        10        12        13        15        10        10 
<      1336>       12        13        18        15        13        18        16        19 
<      1344>       17        11        13        10        10        18        15        11 
<      1352>       16        19        15        15        13        14        22        11 
<      1360>       15        19        14         5         5         4        17        13 
<      1368>       13        18        17         6        15        18        14        10 
<      1376>       13        21        12        17        15        14        13        16 
<      1384>       22        15        15        11        17        14        21         9 
<      1392>       11        15        13        24        22        11        13        16 
<      1400>       18        16        21        17         9        15        17        18 
<      1408>       15        19        21        14        15        13        14        11 
<      1416>       20        14        13        13        12        14        18        22 
<      1424>       15        14        14        15         8        18        12        11 
<      1432>       16        12        20        17        14        15         9        16 
<      1440>       13        18        12        13        19        22        11        17 
<      1448>       21        14        16         8        14        20        11         9 
<      1456>       17        15        14        14        11        15        15         8 
<      1464>       12         8        12        16        17        16        19        13 
<      1472>       14        21        16         9        10        13        13        18 
<      1480>       21        15        10        20        11        12        23        11 
<      1488>        9         9        19        14        14        17        17         8 
<      1496>       17        16        17        22        18        22        23        17 
<      1504>       15        12        11        16        16        22        13        18 
<      1512>       19        17        15        15        14        11        18        20 
<      1520>       20        15        13        19         9        16        15        13 
<      1528>        8        18        25        19        17        15        10        10 
<      1536>       14         9        19        12        11        13        16        12 
<      1544>       14        18         9        12        10         8        14        10 
<      1552>        9        13        16        15        12        13        11         3 
<      1560>       11        13        14        20        17        16        15        12 
<      1568>       14        11        19         9         9        20        11        17 
<      1576>        8         7        16        16        20         6        17        10 
<      1584>       14        13        20        14        14        22        13        12 
<      1592>       19        10        14        11        16        10        18        17 
<      1600>       21        16        16        15        13        11        11        14 
<      1608>       19        14        14        18        14        12        13        18 
<      1616>       13        12         9         7        14        20        15        14 
<      1624>       14        17        17        16        22        14         7        15 
<      1632>        8        19        16         6        18        10        14        17 
<      1640>       11        16        17         9        13        11        21        12 
<      1648>       15        19        13        15        15        12        10        10 
<      1656>       16        20        16        19         7        16        18        15 
<      1664>       14        17        12        21        16        12        11        16 
<      1672>       12        11        18        21        19        17        17        19 
<      1680>       13        17        17        12        12        10        17         7 
<      1688>       14        16        12         9        17        19        13        25 
<      1696>       10        13        16        14        11        15        10        12 
<      1704>        7        10        13         9        13        12        12        13 
<      1712>       12        15        14        12        15        21        15        14 
<      1720>        7        17        18        21        18        16        11        20 
<      1728>       14        12        13        17        15        15        11         7 
<      1736>       12        14        15        15         8         7        13        12 
<      1744>       15        15         9        19        13        13        12        19 
<      1752>       14        13        15        11        12        10        12        12 
<      1760>       14        11        13        16        17        20        14        14 
<      1768>       10        11        13        10        14         9        17        10 
<      1776>       15        17         8        18        15        19        27        14 
<      1784>       13        13        13        14        21        17        18        16 
<      1792>       27        20        18        11        18        16        13        17 
<      1800>       11        16        10        10        16        15        11        14 
<      1808>       22        17        21        10        15        15        13        14 
<      1816>       13        18        15        10         7        11        16        17 
<      1824>       17        18        19        13        11        12        10        11 
<      1832>       15        16         9        19        15         7        15        13 
<      1840>       14        17        22        17        16        16        15        15 
<      1848>        6        15        22        13        12         6         8         9 
<      1856>       21        17        22        20        15        14        13        12 
<      1864>       11        14        17        16        16        20        14        13 
<      1872>       14        10        13        10        15         6        20        26 
<      1880>       17        17        16        14        18        10        21        10 
<      1888>       10        15        14        18        10        19        17        20 
<      1896>       17        10        15        15        15        10        16        15 
<      1904>       17        11        13        17        15         8        12        15 
<      1912>       11        14        19        13        13        17        13         9 
<      1920>       21        15        15        15        11        15        21        11 
<      1928>       20         6        15        17        16        18        22        18 
<      1936>       12        21        16        18        12        10        15        10 
<      1944>       13        19        24        12        15        18        16        13 
<      1952>       10        14        16        18        16        12        11        17 
<      1960>       13        11        18        16        17        24        13        27 
<      1968>       21        22        21         9        17        15        18        19 
<      1976>       17        14        15        12        16        17         7        16 
<      1984>       12         7         7        17        14        11         9         9 
<      1992>       14        11         8        19        12        11         9        10 
<      2000>       13         9        15         9        14         8        18        17 
<      2008>       20        18        12        14        11        13        15        12 
<      2016>       15        13        17        15        11        13        14        10 
<      2024>       16        15        14        20        12        14        12        11 
<      2032>       13        13        13        13        14        13        12        18 
<      2040>       17        10        18        15        14        11        17        21 
<      2048>        5        14        13        11        13         9         7        12 
<      2056>       21        16        12        17         8        10        17        15 
<      2064>       14        17        10        17        13        15         8        10 
<      2072>       15        18        11        14        14        11         7        13 
<      2080>       10        17         8        18        11        16        11        13 
<      2088>       11        13        14        15         8        10        16        11 
<      2096>       17        13        12        10        13        12        19        20 
<      2104>       12        13        19        17        17        20        10        24 
<      2112>       11        13        11         7        15        11        11        12 
<      2120>        9        17        13        18        12        15        15        14 
<      2128>        8        15        17        11        19        11        10        15 
<      2136>       10         9        20        18         7         8        18        14 
<      2144>       12        13        15        19        22        17        13        14 
<      2152>       15        11         8        10        13        19        22        13 
<      2160>       18        13        11        11        15        26        12         8 
<      2168>       17        14         9        16        14         7        16        11 
<      2176>       10        12        12        13        13         8        10        18 
<      2184>        9        20        11        14        10        13        11         7 
<      2192>       14        10        21         9         9        14        18        15 
Parallel intensity Data in TIFR Format
<         0>       45        41        64        52        43        43        69        55 
<         8>       53        70        51        58        54        41        59        49 
<        16>       57        49        52        57        62        48        42        55 
<        24>       57        48        61        63        63        49        51        60 
<        32>       57        68        51        58        53        71        53        50 
<        40>       56        53        48        64        57        61        58        61 
<        48>       44        68        54        55        66        72        59        65 
<        56>       57        53        52        65        54        58        59        52 
<        64>       57        51        64        53        54        58        56        57 
<        72>       62        57        58        36        59        44        58        52 
<        80>       42        63        54        40        52        66        54        49 
<        88>       51        48        55        58        61        69        55        53 
<        96>       55        45        56        50        59        62        47        50 
<       104>       42        56        62        55        54        83        87        94 
<       112>      153       260       377       543       787      1191      1616      2160 
<       120>     2799      3571      4386      5292      6297      7259      8331      9363 
<       128>    10199     11189     12136     12702     13791     14251     15099     15870 
<       136>    16341     16643     17162     17537     17855     18079     18375     18232 
<       144>    18227     18590     18448     18537     18502     18669     18610     18152 
<       152>    18036     18404     18238     17882     18035     17685     17631     17409 
<       160>    17400     16895     16940     16521     16512     16408     16425     15921 
<       168>    16053     15635     15280     15284     14944     14613     14791     14624 
<       176>    14445     14150     13829     13710     13653     13449     13246     13148 
<       184>    12769     12656     12477     12515     12230     12288     11954     11871 
<       192>    11647     11769     11511     11322     11155     11172     10844     10870 
<       200>    10757     10605     10626     10381     10155     10248     10070     10085 
<       208>     9762      9749      9718      9276      9462      9113      9135      8881 
<       216>     8861      8717      8727      8504      8416      8390      8296      8227 
<       224>     7975      8120      8096      7896      7731      7751      7694      7468 
<       232>     7468      7523      7317      7156      7209      6969      6903      6899 
<       240>     6614      6787      6813      6762      6626      6492      6420      6400 
<       248>     6325      6273      6236      6281      6105      6019      5944      5874 
<       256>     5757      5873      5709      5655      5665      5617      5572      5389 
<       264>     5358      5459      5372      5359      5212      5092      5130      5137 
<       272>     4952      5011      4984      4791      4778      4736      4756      4637 
<       280>     4637      4589      4534      4584      4467      4480      4519      4404 
<       288>     4352      4280      4382      4187      4119      4204      4074      4101 
<       296>     4081      3957      4081      3985      3939      3939      3754      3753 
<       304>     3792      3735      3701      3690      3590      3694      3591      3637 
<       312>     3568      3531      3468      3516      3478      3516      3417      3450 
<       320>     3334      3341      3147      3180      3233      3242      3214      3138 
<       328>     3146      3106      3094      2985      2859      2975      2915      2960 
<       336>     2975      2835      3003      2881      2873      2753      2765      2678 
<       344>     2761      2701      2624      2656      2576      2537      2615      2599 
<       352>     2527      2605      2625      2458      2433      2411      2513      2371 
<       360>     2412      2332      2353      2317      2363      2281      2306      2267 
<       368>     2273      2278      2338      2243      2237      2228      2205      2204 
<       376>     2080      2021      2113      2057      2105      2086      2082      2071 
<       384>     2076      1931      2038      2002      1934      1906      1895      1976 
<       392>     1871      1893      1868      1869      1890      1821      1843      1794 
<       400>     1712      1711      1786      1733      1733      1712      1652      1687 
<       408>     1748      1658      1634      1729      1615      1628      1601      1572 
<       416>     1558      1567      1581      1565      1582      1551      1559      1494 
<       424>     1486      1442      1515      1512      1434      1419      1416      1401 
<       432>     1383      1411      1400      1358      1399      1331      1383      1362 
<       440>     1312      1357      1307      1301      1328      1284      1365      1320 
<       448>     1246      1281      1296      1293      1248      1213      1254      1250 
<       456>     1254      1160      1223      1198      1146      1090      1147      1105 
<       464>     1127      1174      1149      1181      1110      1154      1106      1102 
<       472>     1083      1018      1081      1054      1062      1092       992      1036 
<       480>     1056       994      1042      1043       976      1032      1000      1016 
<       488>      979       945       982       958       967       984       945       904 
<       496>      878       885       955       912       891       846       950       889 
<       504>      897       845       850       889       858       853       881       858 
<       512>      847       835       853       782       808       842       804       834 
<       520>      792       789       815       814       776       785       715       681 
<       528>      746       773       748       733       771       763       698       695 
<       536>      718       745       746       710       729       734       696       735 
<       544>      688       670       698       688       709       693       668       652 
<       552>      665       686       645       618       689       606       608       644 
<       560>      596       639       626       614       631       613       639       634 
<       568>      622       578       592       614       556       639       583       600 
<       576>      595       568       566       565       572       580       565       579 
<       584>      540       568       570       567       566       540       528       510 
<       592>      556       505       529       483       545       514       574       543 
<       600>      530       489       501       535       493       486       466       490 
<       608>      520       482       480       490       485       520       490       454 
<       616>      466       461       488       501       465       485       463       447 
<       624>      473       400       470       464       466       437       442       445 
<       632>      437       431       443       457       434       442       442       444 
<       640>      380       391       421       389       412       395       427       401 
<       648>      417       397       358       373       369       380       393       381 
<       656>      386       381       380       375       416       396       411       384 
<       664>      389       401       373       350       390       382       400       348 
<       672>      387       357       367       362       353       374       347       339 
<       680>      373       370       358       327       360       328       343       360 
<       688>      334       319       344       308       318       301       349       348 
<       696>      306       310       330       338       315       329       311       304 
<       704>      308       279       286       314       340       323       317       328 
<       712>      285       300       309       310       298       303       303       295 
<       720>      282       276       249       265       304       292       291       264 
<       728>      299       318       300       270       259       267       308       293 
<       736>      268       254       255       278       281       300       248       289 
<       744>      270       267       242       270       257       265       271       276 
<       752>      271       254       284       261       270       233       256       239 
<       760>      243       248       257       247       220       242       263       242 
<       768>      251       205       222       242       241       251       262       230 
<       776>      213       242       240       239       230       223       223       253 
<       784>      248       226       226       218       240       209       210       237 
<       792>      219       221       199       223       244       227       245       217 
<       800>      192       227       214       215       194       250       207       236 
<       808>      218       191       217       218       218       233       200       216 
<       816>      225       230       245       212       221       201       203       180 
<       824>      185       219       215       199       195       230       199       212 
<       832>      181       227       197       199       195       199       208       198 
<       840>      183       193       211       172       183       188       189       215 
<       848>      180       188       167       182       165       208       182       187 
<       856>      177       192       193       163       179       160       175       171 
<       864>      188       170       187       171       169       189       178       167 
<       872>      172       175       168       178       175       176       171       190 
<       880>      161       172       184       169       181       173       177       171 
<       888>      183       189       153       148       164       157       162       147 
<       896>      156       142       171       161       153       170       169       179 
<       904>      158       178       162       176       160       172       172       179 
<       912>      150       165       166       137       149       168       183       162 
<       920>      169       139       137       148       163       156       154       166 
<       928>      148       143       172       158       158       142       135       173 
<       936>      117       162       150       159       153       127       164       162 
<       944>      129       123       148       150       147       159       173       151 
<       952>      144       165       143       143       150       160       131       156 
<       960>      159       147       138       147       155       137       163       145 
<       968>      135       157       125       147       109       139       119       128 
<       976>      152       136       134       130       137       117       148       115 
<       984>      142       132       137       122       144       129       123       139 
<       992>      128       112       114       131       128       132       128       107 
<      1000>      119       122       137       116       120       136       149       119 
<      1008>      111       122       135       147       101       108       133       123 
<      1016>      123       108       129       126       128       113       126       124 
<      1024>      102       113       142       115       124       144       119       147 
<      1032>      123       115       126       132       117       119       118       113 
<      1040>      120       117       117       119       135       112       111       111 
<      1048>      144       109       145       104       115       123       103       130 
<      1056>      121       114       111       115       103       107       112       122 
<      1064>      123       110       122       119       116       122       114       118 
<      1072>      136       106       118       105       110       102       131       118 
<      1080>      121       111       115       124       114       120        95       107 
<      1088>      120       118       124       113       129       106       113       103 
<      1096>      105       101       113       101       103        97       119       126 
<      1104>      116       108       106       100       110        85       122        97 
<      1112>      117       106       112        97        99       105        92       105 
<      1120>      104        92        91        86       106       109       124       117 
<      1128>      103       108       104       100       109       117       109       115 
<      1136>      103       112       101       108        97       114       109        99 
<      1144>       94       108        99       117       102        97        99       109 
<      1152>      103       107       129        79        99        89       101        91 
<      1160>       93       114        91       104        85       102       105        89 
<      1168>      106        95        92        92        97        88       102        97 
<      1176>       97        94       106        97        84        78        99        93 
<      1184>       89       110       101       109        82        94       100        95 
<      1192>       99        87        85        99        88       103        89       103 
<      1200>       90        90       100        97       105        78        99        89 
<      1208>       90        97        89        79        90        96        91       103 
<      1216>      101        92        80        92        88       103        94        81 
<      1224>      116        81        97        92       105        74        84        88 
<      1232>      111        89        88        96        93        96       105        96 
<      1240>       68        89        92        98        93        75       103       104 
<      1248>       80        88       101        79        89        89        89        82 
<      1256>       84        87       101        87        95       103        87       101 
<      1264>       80        79        81        81        70        95        84        83 
<      1272>       81        88       101        76        83       100        85        81 
<      1280>       96        89        89        87        82        85        90        96 
<      1288>       92        96        76        87        81        72        77        78 
<      1296>       87        72        72        90        78        97        76        76 
<      1304>       70        59        75        84        89        93        85        87 
<      1312>      101        86        80        85        92        80        78        82 
<      1320>       88        77        84       100        79        77        69        74 
<      1328>       70        80        78        86        77        72        75        96 
<      1336>       85        87        76        91        87        84        81        92 
<      1344>       67        69       102       105        75        76        84        74 
<      1352>       87        73        77        87        81        69        78        79 
<      1360>       71        69        81        84        84        74        84        90 
<      1368>       74        74        60        72        71        79        93        85 
<      1376>       83        67        82        73        81        90        69        79 
<      1384>       69        71        66        82        83        71        76        97 
<      1392>       72        68        71        80        67        84        72        78 
<      1400>       69        82        77        84        73       106        74        76 
<      1408>       67        67        74        92        81        71        87        75 
<      1416>       94        76        69        85        62        79        62        66 
<      1424>       88        82        75        85        67        82        75        68 
<      1432>       61        86        64        70        70        75        75        66 
<      1440>       69        80        69        75        46        70        96        55 
<      1448>       83        80        71        68        69        70        80        75 
<      1456>       67        56        83        81        90        71        49        94 
<      1464>       73        87        76        60        73        81        70        74 
<      1472>       52        75        65        67        86        70        71        79 
<      1480>       76        89        80        70        89        76        74        58 
<      1488>       75        72        51        75        77        80        60        87 
<      1496>       57        68        74        71        75        67        83        79 
<      1504>       64        66        70        63        58        70        72        66 
<      1512>       71        90        78        60        69        69        75        66 
<      1520>       68        66        73        58        82        59        89        59 
<      1528>       68        66        68        73        50        55        72        78 
<      1536>       70        72        72        64        66        73        68        86 
<      1544>       73        56        62        71        70        69        64        83 
<      1552>       67        75        82        45        68        62        64        64 
<      1560>       63        68        80        62        71        60        71        79 
<      1568>       79        68        81        60        70        72        68        66 
<      1576>       82        59        83        74        85        73        64        66 
<      1584>       79        74        73        66        76        64        74        77 
<      1592>       60        74        68        66        73        72        77        61 
<      1600>       84        62        59        66        64        70        69        63 
<      1608>       75        77        72        81        57        62        65        69 
<      1616>       60        66        73        73        80        76        63        65 
<      1624>       83        62        62        69        54        43        88        67 
<      1632>       71        70        56        66        67        69        66        64 
<      1640>       58        67        44        66        57        79        66        63 
<      1648>       53        76        60        67        64        76        67        64 
<      1656>       62        70        69        50        59        58        64        65 
<      1664>       63        61        68        59        66        75        66        61 
<      1672>       74        68        66        61        52        63        54        76 
<      1680>       68        72        61        65        64        53        66        70 
<      1688>       70        63        63        75        56        80        72        53 
<      1696>       81        55        67        64        70        52        55        74 
<      1704>       66        62        54        73        57        68        54        60 
<      1712>       67        57        71        63        59        65        57        63 
<      1720>       61        66        63        59        77        53        75        55 
<      1728>       68        71        77        50        69        53        55        62 
<      1736>       68        63        68        51        69        56        65        61 
<      1744>       54        68        70        62        69        67        58        70 
<      1752>       67        55        41        72        54        41        64        66 
<      1760>       66        70        70        73        60        51        46        53 
<      1768>       62        55        73        65        66        61        49        60 
<      1776>       67        55        65        76        72        59        59        78 
<      1784>       56        64        60        68        58        55        64        67 
<      1792>       67        65        68        53        80        50        69        71 
<      1800>       59        56        51        71        71        55        64        64 
<      1808>       57        76        63        65        53        68        60        61 
<      1816>       60        56        57        60        64        63        58        67 
<      1824>       53        59        68        60        46        71        66        56 
<      1832>       66        58        63        66        62        58        66        58 
<      1840>       62        67        56        69        64        64        69        71 
<      1848>       61        46        70        57        66        80        59        62 
<      1856>       56        56        62        61        61        51        65        56 
<      1864>       66        55        56        55        60        71        52        63 
<      1872>       47        61        83        58        51        37        67        61 
<      1880>       68        64        68        66        64        60        56        58 
<      1888>       68        51        72        49        44        56        52        71 
<      1896>       63        73        57        51        52        64        54        74 
<      1904>       68        77        56        76        50        55        49        66 
<      1912>       71        62        76        58        48        58        59        61 
<      1920>       65        57        63        70        62        53        64        59 
<      1928>       59        63        57        66        48        55        58        66 
<      1936>       52        58        67        63        58        63        72        66 
<      1944>       46        57        56        61        50        47        55        66 
<      1952>       57        50        60        60        41        65        40        62 
<      1960>       61        54        54        53        53        78        40        56 
<      1968>       60        56        62        48        62        41        61        57 
<      1976>       57        52        64        66        57        43        68        57 
<      1984>       59        44        60        57        69        64        53        73 
<      1992>       59        59        60        56        59        47        65        60 
<      2000>       52        74        55        47        66        57        51        63 
<      2008>       59        49        64        60        77        56        58        57 
<      2016>       69        56        49        69        45        72        67        59 
<      2024>       57        67        61        68        57        64        63        47 
<      2032>       61        57        62        68        63        71        61        54 
<      2040>       74        64        50        59        55        66        71        64 
<      2048>       50        60        45        65        52        63        66        56 
<      2056>       59        68        67        54        54        54        52        57 
<      2064>       52        63        52        56        64        64        52        59 
<      2072>       63        48        75        63        59        58        62        61 
<      2080>       64        55        62        56        63        66        53        62 
<      2088>       60        57        64        57        66        55        55        69 
<      2096>       53        47        59        68        53        48        50        60 
<      2104>       43        64        53        47        51        63        52        73 
<      2112>       53        55        48        61        64        51        65        66 
<      2120>       53        57        61        48        53        58        54        51 
<      2128>       67        71        55        56        60        68        59        43 
<      2136>       56        56        51        55        56        61        78        60 
<      2144>       49        52        65        60        51        51        53        56 
<      2152>       54        65        64        45        54        73        57        50 
<      2160>       57        49        46        57        61        42        59        56 
<      2168>       66        64        53        60        62        60        59        58 
<      2176>       75        55        53        68        63        63        51        53 
<      2184>       54        55        65        64        58        51        53        56 
<      2192>       52        57        62        59        52        58        57        47 
Perpendicular intensity Data in TIFR Format
<         0>       30        24        30        32        28        27        31        25 
<         8>       28        29        30        33        27        24        32        30 
<        16>       30        36        27        36        20        24        21        32 
<        24>       30        29        24        33        38        31        34        33 
<        32>       27        15        33        27        26        27        30        36 
<        40>       32        30        38        31        33        25        28        31 
<        48>       33        26        30        17        27        22        32        27 
<        56>       30        34        30        29        33        25        25        23 
<        64>       29        28        28        25        35        33        17        31 
<        72>       31        24        29        24        21        27        32        33 
<        80>       26        27        30        27        35        28        27        29 
<        88>       30        28        34        26        25        26        31        22 
<        96>       24        24        30        27        28        36        27        28 
<       104>       21        23        26        27        37        30        34        50 
<       112>       50        70        87       138       209       333       420       603 
<       120>      810      1056      1375      1654      2085      2432      2906      3370 
<       128>     3903      4324      4900      5411      5904      6303      6805      7305 
<       136>     7801      8304      8503      8864      9331      9633      9905     10052 
<       144>    10480     10711     11049     11190     11273     11529     11511     11534 
<       152>    11626     11828     11938     11901     12188     11883     12198     12331 
<       160>    12066     11973     12012     11953     12075     11974     11932     11833 
<       168>    11910     11804     11645     11547     11623     11545     11441     11330 
<       176>    11241     11246     11110     10902     10979     10700     10771     10711 
<       184>    10676     10452     10302     10255     10250     10077     10170     10007 
<       192>     9852      9881      9701      9521      9650      9412      9353      9203 
<       200>     9219      9004      8885      8935      8736      8633      8651      8585 
<       208>     8638      8380      8430      8196      8182      8082      7979      8030 
<       216>     7812      7783      7766      7697      7441      7338      7439      7293 
<       224>     7197      7193      7310      6858      7157      6820      6874      6895 
<       232>     6647      6645      6611      6428      6333      6366      6271      6249 
<       240>     6082      6166      5934      6011      5998      5894      5895      5788 
<       248>     5686      5671      5728      5530      5448      5524      5469      5334 
<       256>     5294      5415      5321      5141      5166      5105      5096      5008 
<       264>     4981      4939      4731      4829      4789      4783      4704      4672 
<       272>     4717      4584      4484      4456      4517      4334      4410      4422 
<       280>     4288      4196      4164      4245      4185      4171      4100      4029 
<       288>     4042      3958      3902      3888      3823      3897      3625      3761 
<       296>     3801      3729      3657      3539      3573      3667      3485      3574 
<       304>     3477      3413      3377      3428      3459      3342      3411      3357 
<       312>     3299      3177      3235      3194      3134      3180      3090      3108 
<       320>     3061      3078      3003      2942      2962      2917      2990      2838 
<       328>     2905      2886      2740      2768      2757      2751      2734      2767 
<       336>     2621      2640      2658      2655      2647      2485      2593      2605 
<       344>     2560      2512      2532      2455      2447      2505      2449      2418 
<       352>     2330      2358      2350      2316      2283      2219      2261      2221 
<       360>     2243      2216      2159      2220      2069      2125      2196      2114 
<       368>     2118      2051      2060      2021      2045      1965      1995      2043 
<       376>     1952      2036      1943      1886      1962      1956      1949      1859 
<       384>     1873      1775      1747      1831      1763      1743      1797      1745 
<       392>     1735      1709      1738      1729      1686      1665      1598      1643 
<       400>     1624      1626      1629      1622      1550      1607      1569      1576 
<       408>     1541      1563      1542      1508      1501      1553      1503      1467 
<       416>     1453      1444      1444      1418      1406      1368      1425      1374 
<       424>     1368      1373      1318      1378      1321      1354      1296      1319 
<       432>     1258      1323      1266      1302      1275      1191      1245      1294 
<       440>     1272      1253      1192      1230      1220      1242      1208      1177 
<       448>     1180      1218      1124      1110      1116      1087      1198      1111 
<       456>     1128      1087      1113      1105      1049      1077      1094      1063 
<       464>     1063      1019      1069      1000      1020      1056      1033      1025 
<       472>     1008      1007       966       967       965       972       960       967 
<       480>      943       932       949       925       928       889       895       921 
<       488>      860       870       865       895       887       868       877       852 
<       496>      836       845       822       822       852       851       816       821 
<       504>      760       824       840       835       773       783       747       796 
<       512>      783       749       776       796       779       765       719       755 
<       520>      726       736       687       682       713       708       704       687 
<       528>      687       699       716       656       689       693       670       638 
<       536>      674       679       647       651       613       662       590       664 
<       544>      636       589       619       628       604       602       627       579 
<       552>      637       619       579       602       591       554       611       539 
<       560>      591       579       588       559       562       533       529       531 
<       568>      543       536       517       539       502       559       505       530 
<       576>      511       534       494       497       519       514       529       485 
<       584>      503       522       500       491       490       496       488       480 
<       592>      467       433       473       480       408       453       449       482 
<       600>      484       480       463       453       444       417       436       424 
<       608>      473       404       448       442       421       414       431       427 
<       616>      406       425       397       417       401       373       382       426 
<       624>      377       420       420       372       374       398       399       385 
<       632>      371       348       362       370       369       357       362       346 
<       640>      397       393       333       359       375       330       383       335 
<       648>      374       329       346       350       356       347       320       359 
<       656>      320       335       369       320       363       321       341       324 
<       664>      328       340       334       336       304       324       326       297 
<       672>      296       303       303       335       312       284       301       320 
<       680>      315       307       303       280       275       293       300       282 
<       688>      299       301       299       288       263       279       278       279 
<       696>      269       308       304       266       275       268       262       267 
<       704>      283       291       285       266       275       261       245       282 
<       712>      255       252       258       265       258       267       241       262 
<       720>      254       241       252       222       238       213       230       243 
<       728>      234       230       238       244       215       226       233       218 
<       736>      223       243       258       241       197       202       220       238 
<       744>      219       205       249       209       226       218       213       212 
<       752>      221       226       198       228       212       229       210       205 
<       760>      215       203       192       203       219       207       204       189 
<       768>      196       221       194       201       214       176       194       188 
<       776>      173       189       204       191       187       178       220       191 
<       784>      185       192       187       185       187       212       181       201 
<       792>      175       168       176       169       169       193       182       184 
<       800>      158       170       172       182       154       175       184       177 
<       808>      164       165       170       172       175       168       161       155 
<       816>      176       156       157       161       154       154       153       168 
<       824>      166       139       161       147       159       164       181       156 
<       832>      156       166       160       158       164       159       153       143 
<       840>      132       152       146       167       139       161       155       161 
<       848>      141       146       149       145       144       144       148       131 
<       856>      127       135       149       145       136       152       137       149 
<       864>      149       148       132       136       147       136       143       147 
<       872>      145       134       137       148       134       146       138       132 
<       880>      123       144       124       147       121       130       136       144 
<       888>      131       132       135       131       135       138       126       134 
<       896>      131       132       133       110       121       113       134       124 
<       904>      123       122       139       129       118       134       122       130 
<       912>      131       107       139       117       110       138       121       110 
<       920>       92       110       125       121       104       103       108       104 
<       928>      125       112       117       117       118       123       132       113 
<       936>      101       117       104       107       101       112       106       124 
<       944>      121       115       129       107        98        85        96       107 
<       952>      100       110       117        89       101       103       106        92 
<       960>      129       121        92       111        97        91        95        98 
<       968>       94       101        97       105        87       105       112       104 
<       976>       95       110        93       112        91        95        97       111 
<       984>       99       105       101        90        87        99       101        84 
<       992>       98        94        85       103        99        77        99       115 
<      1000>       90        99        95        75       106       103        93        92 
<      1008>      100        91       101        80        94        95        87       102 
<      1016>       86        81        83        86        75        95        87        89 
<      1024>       84        78        84        83        95        97        87        79 
<      1032>      103        78        81        83        78        86        83        88 
<      1040>       67        94        92        87        90        84        86        99 
<      1048>       70        73        88        87        83        76        78        87 
<      1056>       83        78        85        76        90        81        87        84 
<      1064>       89        95        84        93        87        83        96        98 
<      1072>       96        89        85        79        89        81        92        87 
<      1080>       81        79        73        78        67        75        63        77 
<      1088>       78        85        81        87        88        58        82        77 
<      1096>       82        84        80        74        72        68        70        74 
<      1104>       78        77        84        79        88        79        77        70 
<      1112>       77        76        78        70        87        72        62        77 
<      1120>       77        69        67        53        65        67        70        63 
<      1128>       78        64        61        70        67        61        84        67 
<      1136>       74        78        76        58        70        70        70        75 
<      1144>       75        64        71        64        63        75        74        62 
<      1152>       73        67        67        68        61        64        60        64 
<      1160>       53        56        82        61        53        56        61        68 
<      1168>       76        73        73        51        60        68        61        67 
<      1176>       59        60        71        62        64        64        64        75 
<      1184>       59        62        64        70        59        61        70        58 
<      1192>       68        67        66        58        58        48        59        65 
<      1200>       73        74        55        58        59        70        66        73 
<      1208>       64        64        56        70        61        58        66        64 
<      1216>       57        61        57        54        66        67        62        59 
<      1224>       69        56        56        58        66        61        64        55 
<      1232>       47        47        63        58        43        61        67        50 
<      1240>       45        71        50        50        58        52        53        55 
<      1248>       58        57        59        53        52        44        64        56 
<      1256>       55        51        59        58        54        58        52        64 
<      1264>       54        58        67        50        53        46        46        43 
<      1272>       48        59        69        58        56        49        59        62 
<      1280>       55        56        52        61        64        60        58        55 
<      1288>       64        63        57        43        58        58        52        53 
<      1296>       58        48        55        60        58        47        42        48 
<      1304>       53        65        53        54        49        58        47        55 
<      1312>       51        52        47        55        53        53        60        46 
<      1320>       61        56        54        43        53        56        50        61 
<      1328>       52        56        50        53        64        56        55        56 
<      1336>       51        54        52        58        47        46        44        53 
<      1344>       53        48        45        44        47        50        46        44 
<      1352>       48        44        53        56        46        51        57        44 
<      1360>       47        47        58        56        62        47        43        55 
<      1368>       47        56        60        54        44        45        49        48 
<      1376>       54        48        45        44        43        47        52        47 
<      1384>       53        47        56        56        41        41        47        47 
<      1392>       43        47        49        47        56        53        44        47 
<      1400>       44        42        55        37        47        37        50        38 
<      1408>       47        53        53        44        49        50        43        50 
<      1416>       47        41        55        47        49        47        49        37 
<      1424>       55        47        27        41        41        48        44        37 
<      1432>       36        43        41        42        57        39        47        41 
<      1440>       49        50        36        51        44        55        52        57 
<      1448>       47        49        44        46        38        53        44        36 
<      1456>       50        51        48        49        44        38        42        36 
<      1464>       43        50        34        36        53        42        33        42 
<      1472>       47        50        53        41        40        50        41        41 
<      1480>       44        47        42        44        42        42        51        40 
<      1488>       40        44        36        37        50        36        49        45 
<      1496>       39        45        45        41        41        38        47        49 
<      1504>       44        37        49        54        36        44        57        38 
<      1512>       38        43        35        41        36        38        49        36 
<      1520>       49        44        40        40        44        25        45        45 
<      1528>       45        47        56        39        36        39        34        36 
<      1536>       48        32        47        44        39        47        43        41 
<      1544>       38        36        37        35        39        39        35        42 
<      1552>       43        39        36        32        42        33        41        38 
<      1560>       45        44        45        44        36        44        32        41 
<      1568>       36        43        40        41        41        38        43        45 
<      1576>       42        37        40        38        36        44        39        30 
<      1584>       33        41        30        38        44        39        33        52 
<      1592>       38        45        39        43        38        36        39        33 
<      1600>       40        38        37        38        36        39        47        46 
<      1608>       42        38        44        47        46        36        28        34 
<      1616>       33        38        37        33        39        40        39        40 
<      1624>       33        38        38        40        33        41        39        35 
<      1632>       38        38        41        38        32        44        36        45 
<      1640>       33        45        39        33        41        30        39        34 
<      1648>       35        33        30        31        41        31        37        39 
<      1656>       38        36        40        35        35        24        32        44 
<      1664>       40        39        33        47        40        42        34        40 
<      1672>       35        36        33        39        36        42        37        33 
<      1680>       38        37        33        44        29        40        36        44 
<      1688>       30        37        39        36        40        38        35        40 
<      1696>       30        34        38        21        38        30        44        36 
<      1704>       39        39        35        37        29        41        36        41 
<      1712>       32        35        41        24        27        33        38        30 
<      1720>       44        40        44        30        43        34        30        29 
<      1728>       37        32        30        32        40        36        50        27 
<      1736>       40        27        48        34        28        44        31        35 
<      1744>       41        37        30        29        35        34        41        32 
<      1752>       34        38        35        45        36        49        30        40 
<      1760>       36        30        40        40        42        30        36        36 
<      1768>       36        30        37        37        31        40        36        37 
<      1776>       35        43        35        40        31        45        25        26 
<      1784>       30        32        47        31        43        30        26        38 
<      1792>       29        30        34        37        34        26        37        27 
<      1800>       28        39        39        33        27        29        29        32 
<      1808>       24        28        39        30        35        29        30        36 
<      1816>       36        32        35        33        25        33        38        27 
<      1824>       28        33        33        29        29        28        37        36 
<      1832>       30        39        34        48        37        38        44        32 
<      1840>       27        41        36        37        32        28        24        38 
<      1848>       39        33        27        37        27        41        34        29 
<      1856>       37        33        38        27        33        36        36        40 
<      1864>       20        33        33        27        39        41        33        35 
<      1872>       36        44        21        32        35        42        24        33 
<      1880>       26        30        29        28        30        33        36        32 
<      1888>       37        33        30        29        30        41        33        32 
<      1896>       24        27        33        38        44        32        27        33 
<      1904>       33        27        24        38        31        26        30        36 
<      1912>       36        33        33        36        34        32        33        39 
<      1920>       29        28        34        33        33        37        31        27 
<      1928>       30        29        26        24        30        32        27        30 
<      1936>       31        31        33        28        27        30        44        36 
<      1944>       33        38        36        27        29        28        24        29 
<      1952>       33        34        38        33        36        30        36        28 
<      1960>       28        33        30        21        31        38        35        38 
<      1968>       38        30        32        33        34        31        33        35 
<      1976>       30        36        37        34        30        38        27        28 
<      1984>       35        31        34        33        34        33        25        28 
<      1992>       27        25        34        38        27        24        34        34 
<      2000>       30        35        34        35        36        37        27        28 
<      2008>       29        30        23        28        29        28        28        31 
<      2016>       38        27        25        25        30        29        38        24 
<      2024>       40        29        33        33        35        27        29        33 
<      2032>       32        36        34        20        24        33        27        29 
<      2040>       32        31        27        37        27        32        32        33 
<      2048>       33        17        31        30        31        27        31        37 
<      2056>       28        26        30        30        32        32        33        33 
<      2064>       30        20        30        33        24        31        32        38 
<      2072>       34        28        27        30        37        30        23        27 
<      2080>       30        31        31        31        25        25        30        27 
<      2088>       31        31        27        39        29        24        30        22 
<      2096>       32        28        34        27        29        22        33        33 
<      2104>       33        30        30        27        32        28        26        28 
<      2112>       27        36        26        31        22        38        38        33 
<      2120>       29        29        33        33        26        27        21        26 
<      2128>       19        27        27        32        26        24        25        30 
<      2136>       25        27        28        27        33        33        25        26 
<      2144>       31        30        24        42        24        25        32        29 
<      2152>       33        31        30        24        30        30        35        23 
<      2160>       25        21        31        32        32        38        31        24 
<      2168>       27        20        31        30        30        27        32        22 
<      2176>       38        30        27        36        32        28        30        31 
<      2184>       24        26        31        27        24        40        31        29 
<      2192>       27        26        35        19        30        33        33        30 
