< 0 >	1 0 1 0 0 0 0 0
< 8 >	0 0 1 0 1 1 0 1
< 16 >	0 0 0 1 0 0 0 1
< 24 >	0 1 0 0 0 0 1 1
< 32 >	0 0 1 0 0 0 0 0
< 40 >	1 1 2 0 0 1 2 0
< 48 >	1 0 1 0 1 0 0 0
< 56 >	0 1 1 2 1 0 0 0
< 64 >	0 1 1 1 0 0 0 0
< 72 >	1 0 0 0 0 0 0 0
< 80 >	0 1 1 0 0 0 1 0
< 88 >	4 2 0 1 0 0 0 0
< 96 >	1 0 0 0 1 1 0 0
< 104 >	0 0 0 0 1 0 0 0
< 112 >	0 0 1 4 1 1 0 1
< 120 >	0 0 1 1 1 0 0 1
< 128 >	0 0 1 1 0 0 1 1
< 136 >	1 0 0 0 0 0 2 0
< 144 >	0 1 0 0 0 0 0 1
< 152 >	1 0 0 1 0 0 0 0
< 160 >	1 0 1 0 0 1 0 0
< 168 >	0 0 0 1 1 0 3 0
< 176 >	0 0 1 2 0 0 2 0
< 184 >	0 0 1 0 1 2 0 1
< 192 >	0 1 0 0 2 9 148 1276
< 200 >	6980 11070 4107 1344 811 531 232 105
< 208 >	53 36 21 23 66 62 29 18
< 216 >	19 6 6 2 5 2 1 1
< 224 >	0 2 2 1 3 8 2 5
< 232 >	4 1 0 1 0 0 1 0
< 240 >	0 1 0 1 0 1 2 1
< 248 >	0 0 0 2 0 1 0 0
< 256 >	1 1 2 1 2 0 2 1
< 264 >	1 0 1 1 0 1 0 1
< 272 >	0 2 0 0 0 1 2 0
< 280 >	1 2 0 0 0 1 0 3
< 288 >	1 1 2 0 0 0 0 1
< 296 >	1 1 2 1 1 0 0 0
< 304 >	0 0 2 0 0 0 1 1
< 312 >	0 0 0 0 0 1 2 0
< 320 >	0 0 1 0 2 0 0 0
< 328 >	0 2 1 0 4 0 1 3
< 336 >	1 3 0 0 1 1 0 0
< 344 >	1 0 1 3 0 0 0 2
< 352 >	2 0 2 1 2 0 1 0
< 360 >	0 0 2 1 2 1 0 0
< 368 >	1 1 2 1 1 1 1 0
< 376 >	0 0 0 0 2 0 1 0
< 384 >	1 0 0 0 0 1 0 1
< 392 >	0 1 1 1 1 2 2 1
< 400 >	1 0 1 0 0 2 0 1
< 408 >	1 1 1 0 0 0 2 1
< 416 >	0 0 1 2 0 1 1 1
< 424 >	0 2 1 0 1 2 3 0
< 432 >	1 0 0 1 1 0 0 1
< 440 >	0 0 0 1 0 0 0 2
< 448 >	0 1 0 0 0 0 3 0
< 456 >	1 0 0 0 0 1 0 0
< 464 >	0 0 1 0 0 0 2 2
< 472 >	1 1 1 1 0 5 1 0
< 480 >	0 0 0 0 0 1 0 0
< 488 >	0 0 1 1 0 0 0 0
< 496 >	2 0 0 0 0 0 3 1
< 504 >	1 0 0 1 0 0 1 0
< 512 >	0 0 4 0 1 1 2 0
< 520 >	0 0 1 1 3 0 0 0
< 528 >	0 0 0 0 0 0 1 0
< 536 >	1 0 0 0 1 0 0 0
< 544 >	0 0 1 2 0 0 0 0
< 552 >	0 2 0 2 0 1 0 0
< 560 >	3 2 0 0 2 0 1 0
< 568 >	1 2 1 0 1 1 2 1
< 576 >	0 2 0 0 1 0 0 0
< 584 >	0 0 3 0 0 0 0 0
< 592 >	0 2 1 0 0 0 0 0
< 600 >	0 0 0 2 1 0 1 0
< 608 >	1 2 2 0 1 1 1 0
< 616 >	1 0 1 1 1 0 0 1
< 624 >	0 0 0 1 0 1 1 0
< 632 >	1 0 0 0 0 0 1 2
< 640 >	0 0 0 0 0 3 0 0
< 648 >	1 0 1 1 0 0 1 2
< 656 >	0 1 1 1 1 0 0 0
< 664 >	0 0 0 0 0 0 0 0
< 672 >	0 1 1 0 0 3 1 0
< 680 >	1 2 1 1 0 1 0 1
< 688 >	0 0 0 1 0 0 1 0
< 696 >	0 1 0 0 0 0 1 1
< 704 >	1 1 0 0 1 0 0 0
< 712 >	1 0 0 0 1 0 1 0
< 720 >	0 1 1 1 1 0 0 0
< 728 >	1 1 0 0 0 2 1 2
< 736 >	2 0 0 0 0 0 1 0
< 744 >	1 0 0 0 0 0 1 0
< 752 >	0 1 2 0 1 4 0 0
< 760 >	0 0 0 1 0 0 2 0
< 768 >	1 1 1 1 1 0 2 1
< 776 >	3 0 0 1 0 1 2 0
< 784 >	1 0 0 0 0 0 1 1
< 792 >	0 0 0 0 0 1 0 0
< 800 >	0 1 0 0 0 1 0 0
< 808 >	0 1 0 0 1 0 1 0
< 816 >	0 0 0 0 1 1 1 0
< 824 >	1 0 0 0 0 0 0 0
< 832 >	0 0 1 0 1 0 1 2
< 840 >	0 1 0 1 2 1 0 2
< 848 >	0 0 2 0 1 1 0 0
< 856 >	0 0 0 0 1 0 0 0
< 864 >	2 0 0 1 1 0 0 0
< 872 >	1 0 1 0 1 0 0 0
< 880 >	1 0 1 0 0 1 0 0
< 888 >	1 0 0 0 0 0 0 0
< 896 >	1 1 1 1 1 1 2 1
< 904 >	0 1 2 1 1 1 1 0
< 912 >	1 0 0 0 0 0 0 0
< 920 >	0 0 0 1 1 0 0 2
< 928 >	1 0 0 0 2 0 0 0
< 936 >	0 1 2 1 2 0 0 0
< 944 >	0 0 1 0 1 0 1 1
< 952 >	0 1 2 0 1 0 0 1
< 960 >	0 0 0 1 1 0 0 2
< 968 >	0 1 0 0 0 0 2 2
< 976 >	2 0 0 0 0 0 0 0
< 984 >	0 0 0 0 0 0 0 0
< 992 >	0 0 0 0 0 0 0 0
< 1000 >	0 0 0 0 0 0 0 0
< 1008 >	0 0 0 0 0 0 0 0
< 1016 >	0 0 0 0 0 0 0 0
the emission data
< 0 >	10 4 6 2 3 2 5 2
< 8 >	3 1 8 4 10 4 6 0
< 16 >	4 3 4 11 7 6 5 4
< 24 >	2 4 1 2 7 4 4 6
< 32 >	2 1 12 6 9 9 3 6
< 40 >	7 3 4 2 7 3 6 9
< 48 >	2 5 4 4 6 11 3 6
< 56 >	5 6 3 9 4 8 8 9
< 64 >	7 5 4 7 2 5 3 3
< 72 >	7 1 3 5 5 2 4 1
< 80 >	2 2 3 4 3 6 5 4
< 88 >	5 8 6 2 3 3 2 0
< 96 >	2 4 5 3 4 6 5 3
< 104 >	4 5 5 3 5 6 1 7
< 112 >	3 3 4 3 6 3 3 8
< 120 >	10 2 6 10 5 7 9 3
< 128 >	4 3 4 1 4 3 4 4
< 136 >	3 9 6 4 2 8 4 5
< 144 >	3 8 3 9 3 7 4 2
< 152 >	4 7 3 7 5 6 5 3
< 160 >	5 3 3 4 3 3 2 5
< 168 >	2 4 5 8 4 5 4 5
< 176 >	7 5 6 5 4 0 4 4
< 184 >	4 3 5 3 4 5 3 1
< 192 >	2 9 4 5 3 5 21 187
< 200 >	1410 5472 8588 9261 9412 9626 9402 9422
< 208 >	9332 9202 9296 8925 8813 8722 8818 8612
< 216 >	8375 8520 8352 8242 8114 8154 8062 7854
< 224 >	7678 7837 7457 7287 7142 7118 7080 6975
< 232 >	7016 7000 6837 6802 6705 6566 6638 6456
< 240 >	6289 6312 6169 6148 6152 6230 6072 6076
< 248 >	5976 5771 5647 5759 5619 5546 5637 5559
< 256 >	5373 5402 5192 5287 5136 5220 5038 5005
< 264 >	4862 4918 4922 4713 4827 4671 4693 4622
< 272 >	4642 4574 4441 4404 4356 4396 4364 4212
< 280 >	4144 4065 3967 4034 3941 3953 3759 3790
< 288 >	3795 3614 3740 3756 3653 3592 3660 3503
< 296 >	3501 3541 3397 3405 3365 3412 3320 3209
< 304 >	3159 3276 3288 3162 3068 3125 3055 2996
< 312 >	2916 2938 2946 2831 2842 2851 2823 2804
< 320 >	2753 2745 2746 2641 2584 2664 2609 2501
< 328 >	2535 2528 2446 2468 2378 2445 2381 2302
< 336 >	2376 2411 2244 2296 2328 2215 2173 2101
< 344 >	2167 2062 2062 2019 2037 2032 1993 1938
< 352 >	1930 1974 1932 1917 1941 1882 1821 1892
< 360 >	1868 1734 1833 1711 1753 1800 1752 1771
< 368 >	1665 1738 1665 1643 1621 1523 1489 1546
< 376 >	1542 1535 1470 1497 1581 1442 1404 1453
< 384 >	1463 1368 1374 1370 1352 1341 1401 1344
< 392 >	1330 1290 1221 1290 1300 1201 1260 1206
< 400 >	1225 1216 1158 1209 1116 1072 1102 1161
< 408 >	1037 1130 1094 1092 1058 1049 1042 1032
< 416 >	1021 1036 1006 1013 996 940 916 949
< 424 >	929 980 935 951 957 892 897 939
< 432 >	836 878 885 871 845 862 869 858
< 440 >	846 815 818 822 764 789 791 757
< 448 >	731 810 724 702 728 742 693 690
< 456 >	722 643 707 606 662 639 683 632
< 464 >	621 599 661 641 635 579 592 621
< 472 >	633 574 566 567 600 611 517 566
< 480 >	544 552 515 533 506 489 545 504
< 488 >	461 483 485 456 444 502 497 468
< 496 >	470 428 443 430 462 400 441 413
< 504 >	413 425 439 425 419 395 397 428
< 512 >	404 377 364 389 381 357 406 360
< 520 >	373 356 327 353 365 346 353 346
< 528 >	331 345 329 352 366 322 302 314
< 536 >	337 298 293 317 308 317 321 303
< 544 >	320 314 289 284 295 283 264 276
< 552 >	266 280 253 260 264 247 241 242
< 560 >	250 243 254 244 232 246 233 231
< 568 >	218 236 226 212 230 204 219 197
< 576 >	230 215 204 202 208 196 197 181
< 584 >	195 179 190 155 184 186 209 170
< 592 >	197 162 180 168 192 159 161 151
< 600 >	150 174 163 175 143 154 142 161
< 608 >	146 145 161 158 150 179 168 146
< 616 >	138 142 156 127 129 155 135 129
< 624 >	126 127 128 138 133 120 122 131
< 632 >	114 123 121 112 133 113 126 88
< 640 >	113 122 114 109 137 113 122 113
< 648 >	111 109 106 102 108 95 115 88
< 656 >	99 105 111 104 110 86 107 111
< 664 >	84 104 103 86 78 82 82 88
< 672 >	100 70 96 76 105 95 101 94
< 680 >	80 74 77 83 87 79 82 75
< 688 >	78 68 76 82 78 77 59 74
< 696 >	66 74 77 78 74 70 59 58
< 704 >	73 61 55 70 65 67 59 53
< 712 >	71 59 66 53 61 56 49 61
< 720 >	67 59 53 62 59 49 50 48
< 728 >	45 52 49 38 42 44 48 48
< 736 >	55 48 52 55 32 49 52 44
< 744 >	40 59 52 44 44 37 42 41
< 752 >	52 41 47 49 55 44 35 44
< 760 >	41 42 34 42 45 50 34 37
< 768 >	44 47 34 26 26 43 27 26
< 776 >	43 39 34 31 34 27 33 40
< 784 >	34 40 42 37 33 45 34 36
< 792 >	29 41 14 27 34 29 29 30
< 800 >	30 26 31 29 26 33 28 30
< 808 >	24 26 24 35 28 22 22 22
< 816 >	21 28 23 26 22 30 22 34
< 824 >	27 23 27 26 28 34 22 16
< 832 >	33 21 21 21 27 19 24 17
< 840 >	20 26 21 18 18 20 24 27
< 848 >	28 24 25 24 22 24 28 27
< 856 >	21 18 23 19 17 20 21 20
< 864 >	19 8 19 16 14 24 20 16
< 872 >	16 14 16 20 23 16 22 14
< 880 >	23 13 14 17 14 13 17 18
< 888 >	19 12 11 14 18 15 18 24
< 896 >	23 18 20 22 21 18 19 24
< 904 >	22 20 19 18 7 24 19 19
< 912 >	6 12 17 8 13 14 11 14
< 920 >	9 8 12 14 11 12 10 10
< 928 >	8 15 10 13 16 11 16 15
< 936 >	18 11 18 15 16 16 15 6
< 944 >	10 11 13 9 10 15 13 18
< 952 >	10 12 10 10 18 10 13 10
< 960 >	16 14 15 12 15 13 17 14
< 968 >	15 18 17 22 14 19 17 28
< 976 >	47 33 0 0 0 0 0 0
< 984 >	0 0 0 0 0 0 0 0
< 992 >	0 0 0 0 0 0 0 0
< 1000 >	0 0 0 0 0 0 0 0
< 1008 >	0 0 0 0 0 0 0 0
< 1016 >	0 0 0 0 0 0 0 0
